# y u
0 0
0.00390625 -82.2375
0.0078125 -156.118
0.0117188 -214.522
0.015625 -242.741
0.0195312 -240.953
0.0234375 -221.759
0.0273438 -200.04
0.03125 -183.792
0.0351562 -173.916
0.0390625 -168.283
0.0429688 -164.73
0.046875 -161.915
0.0507812 -159.284
0.0546875 -156.682
0.0585938 -154.092
0.0625 -151.536
0.0664062 -149.055
0.0703125 -146.681
0.0742188 -144.43
0.078125 -142.281
0.0820312 -140.234
0.0859375 -138.286
0.0898438 -136.404
0.09375 -134.596
0.0976562 -132.851
0.101562 -131.144
0.105469 -129.487
0.109375 -127.876
0.113281 -126.302
0.117188 -124.771
0.121094 -123.259
0.125 -121.742
0.128906 -120.25
0.132812 -118.767
0.136719 -117.279
0.140625 -115.808
0.144531 -114.339
0.148438 -112.879
0.152344 -111.44
0.15625 -110.016
0.160156 -108.591
0.164062 -107.155
0.167969 -105.732
0.171875 -104.319
0.175781 -102.925
0.179688 -101.55
0.183594 -100.187
0.1875 -98.8398
0.191406 -97.5016
0.195312 -96.1729
0.199219 -94.8394
0.203125 -93.5088
0.207031 -92.1998
0.210938 -90.9018
0.214844 -89.6
0.21875 -88.3017
0.222656 -87.0081
0.226562 -85.7269
0.230469 -84.4566
0.234375 -83.1885
0.238281 -81.9155
0.242188 -80.638
0.246094 -79.3591
0.25 -78.0929
0.253906 -76.8376
0.257812 -75.5781
0.261719 -74.3316
0.265625 -73.0847
0.269531 -71.8341
0.273438 -70.5918
0.277344 -69.346
0.28125 -68.1059
0.285156 -66.8645
0.289062 -65.6182
0.292969 -64.3858
0.296875 -63.1468
0.300781 -61.9075
0.304688 -60.6752
0.308594 -59.4405
0.3125 -58.2075
0.316406 -56.9806
0.320312 -55.7596
0.324219 -54.5318
0.328125 -53.3118
0.332031 -52.1045
0.335938 -50.8875
0.339844 -49.6689
0.34375 -48.4576
0.347656 -47.2534
0.351562 -46.0513
0.355469 -44.8447
0.359375 -43.6378
0.363281 -42.4325
0.367188 -41.2297
0.371094 -40.031
0.375 -38.8314
0.378906 -37.6302
0.382812 -36.4308
0.386719 -35.2323
0.390625 -34.0354
0.394531 -32.8371
0.398438 -31.6405
0.402344 -30.4416
0.40625 -29.2371
0.410156 -28.0386
0.414062 -26.845
0.417969 -25.6561
0.421875 -24.4715
0.425781 -23.2831
0.429688 -22.0906
0.433594 -20.8945
0.4375 -19.6963
0.441406 -18.4998
0.445312 -17.3063
0.449219 -16.1155
0.453125 -14.9242
0.457031 -13.7325
0.460938 -12.5426
0.464844 -11.3539
0.46875 -10.1646
0.472656 -8.97332
0.476562 -7.78131
0.480469 -6.58993
0.484375 -5.39928
0.488281 -4.20868
0.492188 -3.0177
0.496094 -1.82633
0.5 -0.634614
0.503906 0.557511
0.507812 1.75011
0.511719 2.94324
0.515625 4.13705
0.519531 5.33157
0.523438 6.52649
0.527344 7.72184
0.53125 8.91902
0.535156 10.1194
0.539062 11.3205
0.542969 12.518
0.546875 13.7136
0.550781 14.9138
0.554688 16.1193
0.558594 17.3259
0.5625 18.5351
0.566406 19.7469
0.570312 20.9563
0.574219 22.1631
0.578125 23.3679
0.582031 24.5764
0.585938 25.7924
0.589844 27.0126
0.59375 28.2363
0.597656 29.4596
0.601562 30.6825
0.605469 31.9093
0.609375 33.1363
0.613281 34.3607
0.617188 35.5865
0.621094 36.8199
0.625 38.0611
0.628906 39.3012
0.632812 40.5372
0.636719 41.774
0.640625 43.0157
0.644531 44.2611
0.648438 45.505
0.652344 46.7528
0.65625 48.0059
0.660156 49.2545
0.664062 50.5098
0.667969 51.7769
0.671875 53.0435
0.675781 54.312
0.679688 55.5902
0.683594 56.8763
0.6875 58.1571
0.691406 59.4296
0.695312 60.7134
0.699219 62.005
0.703125 63.29
0.707031 64.5806
0.710938 65.876
0.714844 67.1729
0.71875 68.4727
0.722656 69.7732
0.726562 71.0831
0.730469 72.4015
0.734375 73.7234
0.738281 75.0628
0.742188 76.4092
0.746094 77.7634
0.75 79.1209
0.753906 80.4793
0.757812 81.8401
0.761719 83.1998
0.765625 84.5694
0.769531 85.9457
0.773438 87.3437
0.777344 88.7496
0.78125 90.1572
0.785156 91.5766
0.789062 93.0011
0.792969 94.4291
0.796875 95.8648
0.800781 97.3177
0.804688 98.7684
0.808594 100.219
0.8125 101.698
0.816406 103.179
0.820312 104.669
0.824219 106.182
0.828125 107.705
0.832031 109.25
0.835938 110.79
0.839844 112.344
0.84375 113.923
0.847656 115.525
0.851562 117.151
0.855469 118.79
0.859375 120.471
0.863281 122.207
0.867188 123.969
0.871094 125.746
0.875 127.555
0.878906 129.409
0.882812 131.275
0.886719 133.162
0.890625 135.093
0.894531 137.06
0.898438 139.072
0.902344 141.134
0.90625 143.292
0.910156 145.556
0.914062 147.895
0.917969 150.338
0.921875 152.979
0.925781 155.987
0.929688 159.574
0.933594 163.707
0.9375 167.996
0.941406 171.972
0.945312 175.129
0.949219 177.038
0.953125 177.495
0.957031 176.573
0.960938 174.51
0.964844 171.485
0.96875 167.53
0.972656 162.528
0.976562 156.574
0.980469 150.035
0.984375 143.332
0.988281 137.145
0.992188 133.209
0.996094 139.279
1 1
