# y u
0 0
0.00389105 -81.7105
0.0077821 -159.587
0.0116732 -223.177
0.0155642 -254.572
0.0194553 -251.404
0.0233463 -227.678
0.0272374 -201.427
0.0311284 -182.501
0.0350195 -172.061
0.0389105 -167.257
0.0428016 -165.085
0.0466926 -163.731
0.0505837 -162.361
0.0544747 -160.654
0.0583658 -158.575
0.0622568 -156.212
0.0661479 -153.721
0.0700389 -151.234
0.07393 -148.824
0.077821 -146.524
0.0817121 -144.308
0.0856031 -142.142
0.0894942 -140.035
0.0933852 -137.997
0.0972763 -136.029
0.101167 -134.116
0.105058 -132.234
0.108949 -130.405
0.11284 -128.619
0.116732 -126.858
0.120623 -125.121
0.124514 -123.409
0.128405 -121.722
0.132296 -120.072
0.136187 -118.465
0.140078 -116.888
0.143969 -115.341
0.14786 -113.82
0.151751 -112.304
0.155642 -110.8
0.159533 -109.301
0.163424 -107.813
0.167315 -106.336
0.171206 -104.881
0.175097 -103.44
0.178988 -102.006
0.182879 -100.609
0.18677 -99.2299
0.190661 -97.8728
0.194553 -96.5259
0.198444 -95.1785
0.202335 -93.8395
0.206226 -92.5097
0.210117 -91.1808
0.214008 -89.8585
0.217899 -88.5541
0.22179 -87.263
0.225681 -85.982
0.229572 -84.7086
0.233463 -83.4393
0.237354 -82.175
0.241245 -80.9157
0.245136 -79.6619
0.249027 -78.4237
0.252918 -77.1858
0.256809 -75.9493
0.2607 -74.7175
0.264591 -73.4905
0.268482 -72.2756
0.272374 -71.0638
0.276265 -69.8547
0.280156 -68.6415
0.284047 -67.4244
0.287938 -66.2191
0.291829 -65.0254
0.29572 -63.8321
0.299611 -62.6524
0.303502 -61.4788
0.307393 -60.3002
0.311284 -59.1247
0.315175 -57.9544
0.319066 -56.7883
0.322957 -55.6245
0.326848 -54.4533
0.330739 -53.2866
0.33463 -52.1261
0.338521 -50.9598
0.342412 -49.7909
0.346304 -48.6265
0.350195 -47.4724
0.354086 -46.3194
0.357977 -45.1692
0.361868 -44.027
0.365759 -42.8899
0.36965 -41.7487
0.373541 -40.6099
0.377432 -39.4797
0.381323 -38.3458
0.385214 -37.2122
0.389105 -36.0882
0.392996 -34.9704
0.396887 -33.8526
0.400778 -32.7333
0.404669 -31.6119
0.40856 -30.4846
0.412451 -29.3559
0.416342 -28.2299
0.420233 -27.1088
0.424125 -25.9866
0.428016 -24.8645
0.431907 -23.7423
0.435798 -22.6198
0.439689 -21.4979
0.44358 -20.3723
0.447471 -19.2461
0.451362 -18.1214
0.455253 -16.9981
0.459144 -15.876
0.463035 -14.7532
0.466926 -13.6282
0.470817 -12.5025
0.474708 -11.3782
0.478599 -10.2562
0.48249 -9.13412
0.486381 -8.01011
0.490272 -6.88429
0.494163 -5.75775
0.498054 -4.63087
0.501946 -3.50333
0.505837 -2.3748
0.509728 -1.24517
0.513619 -0.114386
0.51751 1.01765
0.521401 2.15103
0.525292 3.28583
0.529183 4.42218
0.533074 5.56028
0.536965 6.7003
0.540856 7.84188
0.544747 8.98443
0.548638 10.1291
0.552529 11.2789
0.55642 12.4337
0.560311 13.5872
0.564202 14.7359
0.568093 15.8876
0.571984 17.0513
0.575875 18.2236
0.579767 19.3902
0.583658 20.5499
0.587549 21.7161
0.59144 22.895
0.595331 24.081
0.599222 25.2647
0.603113 26.4473
0.607004 27.6363
0.610895 28.8323
0.614786 30.0307
0.618677 31.2265
0.622568 32.4249
0.626459 33.6296
0.63035 34.8373
0.634241 36.0504
0.638132 37.2695
0.642023 38.4966
0.645914 39.7318
0.649805 40.9669
0.653696 42.2049
0.657588 43.4484
0.661479 44.7003
0.66537 45.9601
0.669261 47.218
0.673152 48.4832
0.677043 49.7612
0.680934 51.0457
0.684825 52.3353
0.688716 53.6287
0.692607 54.9266
0.696498 56.2408
0.700389 57.5628
0.70428 58.8832
0.708171 60.2109
0.712062 61.5504
0.715953 62.893
0.719844 64.2374
0.723735 65.598
0.727626 66.959
0.731518 68.3255
0.735409 69.7044
0.7393 71.0981
0.743191 72.515
0.747082 73.9505
0.750973 75.3924
0.754864 76.8354
0.758755 78.2893
0.762646 79.7369
0.766537 81.1989
0.770428 82.6708
0.774319 84.1504
0.77821 85.6416
0.782101 87.1357
0.785992 88.6464
0.789883 90.1675
0.793774 91.6965
0.797665 93.2418
0.801556 94.8034
0.805447 96.3798
0.809339 97.98
0.81323 99.5895
0.817121 101.207
0.821012 102.828
0.824903 104.469
0.828794 106.121
0.832685 107.789
0.836576 109.48
0.840467 111.189
0.844358 112.931
0.848249 114.69
0.85214 116.497
0.856031 118.343
0.859922 120.201
0.863813 122.107
0.867704 124.054
0.871595 126.04
0.875486 128.069
0.879377 130.129
0.883268 132.245
0.88716 134.417
0.891051 136.62
0.894942 138.873
0.898833 141.189
0.902724 143.586
0.906615 146.042
0.910506 148.567
0.914397 151.202
0.918288 153.937
0.922179 156.827
0.92607 159.963
0.929961 163.467
0.933852 167.389
0.937743 171.643
0.941634 176.209
0.945525 181.107
0.949416 186.323
0.953307 191.721
0.957198 196.981
0.961089 201.639
0.964981 205.09
0.968872 206.782
0.972763 206.262
0.976654 203.349
0.980545 198.613
0.984436 192.95
0.988327 187.31
0.992218 184.333
0.996109 195.65
1 1
