# y u
0 0
0.00392157 -92.0656
0.00784314 -165.307
0.0117647 -221.309
0.0156863 -246.464
0.0196078 -241.49
0.0235294 -219.695
0.027451 -195.733
0.0313725 -177.365
0.0352941 -165.734
0.0392157 -158.959
0.0431373 -154.86
0.0470588 -151.99
0.0509804 -149.602
0.054902 -147.395
0.0588235 -145.248
0.0627451 -143.146
0.0666667 -141.078
0.0705882 -139.016
0.0745098 -136.97
0.0784314 -134.963
0.0823529 -133.011
0.0862745 -131.07
0.0901961 -129.146
0.0941176 -127.242
0.0980392 -125.351
0.101961 -123.485
0.105882 -121.634
0.109804 -119.779
0.113725 -117.94
0.117647 -116.12
0.121569 -114.301
0.12549 -112.5
0.129412 -110.722
0.133333 -108.971
0.137255 -107.255
0.141176 -105.549
0.145098 -103.835
0.14902 -102.13
0.152941 -100.445
0.156863 -98.7686
0.160784 -97.1077
0.164706 -95.4431
0.168627 -93.7825
0.172549 -92.1386
0.176471 -90.4969
0.180392 -88.8698
0.184314 -87.2489
0.188235 -85.6401
0.192157 -84.0374
0.196078 -82.4422
0.2 -80.8537
0.203922 -79.2718
0.207843 -77.7102
0.211765 -76.1575
0.215686 -74.6039
0.219608 -73.0403
0.223529 -71.4757
0.227451 -69.9149
0.231373 -68.3531
0.235294 -66.8212
0.239216 -65.3032
0.243137 -63.7792
0.247059 -62.2701
0.25098 -60.7617
0.254902 -59.2456
0.258824 -57.7409
0.262745 -56.2408
0.266667 -54.7487
0.270588 -53.2659
0.27451 -51.7915
0.278431 -50.3307
0.282353 -48.8764
0.286275 -47.4169
0.290196 -45.9506
0.294118 -44.5021
0.298039 -43.0621
0.301961 -41.6221
0.305882 -40.1978
0.309804 -38.7845
0.313725 -37.3736
0.317647 -35.9593
0.321569 -34.5494
0.32549 -33.1479
0.329412 -31.7588
0.333333 -30.38
0.337255 -28.9977
0.341176 -27.622
0.345098 -26.2477
0.34902 -24.8748
0.352941 -23.5172
0.356863 -22.1713
0.360784 -20.8312
0.364706 -19.4929
0.368627 -18.1553
0.372549 -16.8159
0.376471 -15.4878
0.380392 -14.1739
0.384314 -12.8707
0.388235 -11.5757
0.392157 -10.283
0.396078 -8.99259
0.4 -7.70454
0.403922 -6.42811
0.407843 -5.16594
0.411765 -3.91681
0.415686 -2.6702
0.419608 -1.41432
0.423529 -0.166182
0.427451 1.06108
0.431373 2.27246
0.435294 3.48015
0.439216 4.69127
0.443137 5.90296
0.447059 7.10363
0.45098 8.28549
0.454902 9.45153
0.458824 10.6109
0.462745 11.7686
0.466667 12.9234
0.470588 14.0729
0.47451 15.2083
0.478431 16.3287
0.482353 17.4401
0.486275 18.5503
0.490196 19.655
0.494118 20.7444
0.498039 21.8241
0.501961 22.8971
0.505882 23.9566
0.509804 25.008
0.513725 26.0456
0.517647 27.0708
0.521569 28.0853
0.52549 29.0902
0.529412 30.0944
0.533333 31.0911
0.537255 32.0704
0.541176 33.0273
0.545098 33.9695
0.54902 34.9047
0.552941 35.8369
0.556863 36.7508
0.560784 37.656
0.564706 38.5525
0.568627 39.4237
0.572549 40.2913
0.576471 41.1461
0.580392 41.9833
0.584314 42.8175
0.588235 43.6312
0.592157 44.427
0.596078 45.212
0.6 45.9753
0.603922 46.7289
0.607843 47.4695
0.611765 48.1958
0.615686 48.9141
0.619608 49.625
0.623529 50.3244
0.627451 51.006
0.631373 51.6703
0.635294 52.3213
0.639216 52.9623
0.643137 53.5851
0.647059 54.1979
0.65098 54.7922
0.654902 55.37
0.658824 55.9454
0.662745 56.5094
0.666667 57.0642
0.670588 57.602
0.67451 58.1246
0.678431 58.6244
0.682353 59.0967
0.686275 59.5621
0.690196 60.0286
0.694118 60.4872
0.698039 60.9333
0.701961 61.3706
0.705882 61.7795
0.709804 62.1702
0.713725 62.5772
0.717647 62.9817
0.721569 63.363
0.72549 63.733
0.729412 64.0974
0.733333 64.4508
0.737255 64.7919
0.741176 65.1339
0.745098 65.4656
0.74902 65.7773
0.752941 66.0743
0.756863 66.3712
0.760784 66.6679
0.764706 66.9559
0.768627 67.2341
0.772549 67.5122
0.776471 67.7878
0.780392 68.0598
0.784314 68.3304
0.788235 68.5945
0.792157 68.8689
0.796078 69.1467
0.8 69.4202
0.803922 69.6953
0.807843 69.9638
0.811765 70.239
0.815686 70.5305
0.819608 70.8375
0.823529 71.1517
0.827451 71.4596
0.831373 71.7871
0.835294 72.1422
0.839216 72.5144
0.843137 72.8841
0.847059 73.2608
0.85098 73.6937
0.854902 74.1657
0.858824 74.6667
0.862745 75.2066
0.866667 75.7828
0.870588 76.4091
0.87451 77.0722
0.878431 77.7737
0.882353 78.5485
0.886275 79.3895
0.890196 80.2812
0.894118 81.26
0.898039 82.3215
0.901961 83.4467
0.905882 84.6619
0.909804 85.9922
0.913725 87.4617
0.917647 89.0828
0.921569 90.8624
0.92549 92.8173
0.929412 94.9587
0.933333 97.2974
0.937255 99.8379
0.941176 102.564
0.945098 105.451
0.94902 108.479
0.952941 111.612
0.956863 114.806
0.960784 117.979
0.964706 121.007
0.968627 123.761
0.972549 126.091
0.976471 127.891
0.980392 129.054
0.984314 129.559
0.988235 129.209
0.992157 126.794
0.996078 117.464
1 1
